<?xml version="1.0"?>
<opencv_storage>
<calibration_Time>"Tue Feb 13 18:17:23 2018"</calibration_Time>
<nrOfFrames>25</nrOfFrames>
<image_Width>640</image_Width>
<image_Height>480</image_Height>
<board_Width>9</board_Width>
<board_Height>6</board_Height>
<square_Size>50.</square_Size>
<FixAspectRatio>1.</FixAspectRatio>
<!-- flags:  +fix_aspectRatio +fix_principal_point +zero_tangent_dist -->
<flagValue>14</flagValue>
<Camera_Matrix type_id="opencv-matrix">
  <rows>3</rows>
  <cols>3</cols>
  <dt>d</dt>
  <data>
    7.5444370735126643e+02 0. 320. 0. 7.5444370735126643e+02 240. 0. 0.
    1.</data></Camera_Matrix>
<Distortion_Coefficients type_id="opencv-matrix">
  <rows>5</rows>
  <cols>1</cols>
  <dt>d</dt>
  <data>
    -1.9600172203466168e-01 5.4982752056108219e-01 0. 0.
    -1.4498347360431223e+00</data></Distortion_Coefficients>
<Avg_Reprojection_Error>6.2111600539303158e-01</Avg_Reprojection_Error>
<Per_View_Reprojection_Errors type_id="opencv-matrix">
  <rows>25</rows>
  <cols>1</cols>
  <dt>f</dt>
  <data>
    3.60610455e-01 1.71909678e+00 9.61465538e-01 1.98475981e+00
    4.16355342e-01 3.79061490e-01 2.96714991e-01 3.11756462e-01
    3.33062142e-01 3.12495202e-01 2.53572702e-01 2.54026830e-01
    2.55134076e-01 2.64661252e-01 2.69041568e-01 2.59066463e-01
    2.49033064e-01 2.55329102e-01 2.42587715e-01 2.41928861e-01
    2.51133382e-01 2.54578918e-01 2.59678781e-01 2.68219233e-01
    2.63520062e-01</data></Per_View_Reprojection_Errors>
<!-- a set of 6-tuples (rotation vector + translation vector) for each view -->
<Extrinsic_Parameters type_id="opencv-matrix">
  <rows>25</rows>
  <cols>6</cols>
  <dt>d</dt>
  <data>
    -5.4772321534842161e-01 -1.6021034419078525e-01
    -2.3765236407431201e+00 -2.4204022627618974e+02
    2.8769288560270860e+02 1.0646168745319314e+03
    -4.8541300243890545e-01 -5.0386258977985487e-01
    -2.6738333885338954e+00 -3.5673944365829605e+01
    8.2473173216397058e+01 9.3042320805884810e+02 6.9191582224416148e-01
    3.2166066145686362e-01 2.9802768063399525e+00 1.5324695188383200e+02
    1.0310636961583191e+02 8.3195113080836427e+02
    -5.5272136598840138e-01 -4.5123693918426971e-01
    -2.6014308446741872e+00 7.3157445230400695e+00
    1.9225904470223770e+02 8.0250239415374017e+02
    -5.7332141643066237e-01 -2.9519946386329060e-01
    -2.4143041064019095e+00 -1.0102279642189605e+02
    2.4151626047378539e+02 8.3212982319878506e+02
    -4.8302700616228605e-01 -3.0517691944776726e-01
    -2.1314217386720600e+00 -2.1694081649509042e+02
    2.2119588043368907e+02 8.3283917608191871e+02
    -5.3294542775279941e-01 -2.3633190102245386e-01
    -2.1232277183511510e+00 -1.8508834315322852e+02
    2.1902150096462736e+02 8.5997407294805748e+02
    -5.5357050810779318e-01 -2.1554871812366588e-01
    -2.1226676663768291e+00 -1.8561380737250593e+02
    2.1332377848610616e+02 8.6680245668458201e+02
    -5.7903985762582522e-01 -1.8852109652029828e-01
    -2.1393202835903820e+00 -1.9424600993535148e+02
    1.8919756127194432e+02 9.0134771565028620e+02
    -5.7761917352368164e-01 -1.9199741633720169e-01
    -2.1253776085117004e+00 -2.0687894374482246e+02
    1.7694837212440541e+02 9.0760198833599475e+02
    -5.8518893780256376e-01 -1.6826066523106728e-01
    -2.1327365358960355e+00 -1.9714073469801104e+02
    1.7342983012989887e+02 9.2468879068230774e+02
    -5.8975785105736778e-01 -1.6604449676362495e-01
    -2.1295054801552467e+00 -1.9932267749094987e+02
    1.7807643715694186e+02 9.2429257611243327e+02
    -5.8590545468742905e-01 -1.7547087335559103e-01
    -2.1237359898770003e+00 -2.0457125370921648e+02
    1.7876027643067258e+02 9.1779124753300277e+02
    -5.8387672076413033e-01 -1.7830248760500855e-01
    -2.1277464907394879e+00 -2.0437514426033781e+02
    1.7958035841556131e+02 9.1753324389805732e+02
    -5.8160183326737735e-01 -1.5760781140176450e-01
    -2.1257954745537520e+00 -1.9956070197070736e+02
    1.8493255983110478e+02 9.2326402935924671e+02
    -5.8165565753764370e-01 -1.5141108195446218e-01
    -2.1244115897732114e+00 -1.9315974799127218e+02
    1.8909385487251313e+02 9.2257603851687600e+02
    -5.8576981656416971e-01 -1.5741767731903314e-01
    -2.1192867147794203e+00 -1.9173710429354975e+02
    1.9057378494258953e+02 9.1947327876801762e+02
    -5.9115104007348163e-01 -1.6865493750202867e-01
    -2.1193526513125676e+00 -1.9028602534414225e+02
    1.8684068035627172e+02 9.1662718875270627e+02
    -5.8225036718285839e-01 -1.6910579585307819e-01
    -2.1214529787155567e+00 -1.8520427423871465e+02
    1.9161554098224914e+02 9.1968703785543255e+02
    -5.8067420176666218e-01 -1.5744730088809608e-01
    -2.1220307376638599e+00 -1.8235162716644840e+02
    1.9330173157560981e+02 9.2281577564801069e+02
    -5.8274462236632407e-01 -1.6522514565766966e-01
    -2.1188290839662134e+00 -1.8180532588833816e+02
    1.9458853117375884e+02 9.1883401690466246e+02
    -5.8281888857508901e-01 -1.7667764617679341e-01
    -2.1137022633598002e+00 -1.8695620131262169e+02
    1.9644587553300991e+02 9.0887200187782616e+02
    -5.8598490023741512e-01 -1.8254478719162973e-01
    -2.1119243833321595e+00 -1.9164577604405784e+02
    1.9720840186548895e+02 9.0536013384312594e+02
    -5.8433838641847391e-01 -1.7629300785561555e-01
    -2.1136280237214424e+00 -1.8895525833099546e+02
    1.9467962833530157e+02 9.0889708379790579e+02
    -5.7923826931284150e-01 -1.6662146467390004e-01
    -2.1122069962998813e+00 -1.8776459590449866e+02
    1.9642583371030543e+02 9.1427436177417690e+02</data></Extrinsic_Parameters>
