<?xml version="1.0"?>
<opencv_storage>
<calibration_Time>"Tue Feb 13 16:18:00 2018"</calibration_Time>
<nrOfFrames>25</nrOfFrames>
<image_Width>640</image_Width>
<image_Height>480</image_Height>
<board_Width>9</board_Width>
<board_Height>6</board_Height>
<square_Size>50.</square_Size>
<FixAspectRatio>1.</FixAspectRatio>
<!-- flags:  +fix_aspectRatio +fix_principal_point +zero_tangent_dist -->
<flagValue>14</flagValue>
<Camera_Matrix type_id="opencv-matrix">
  <rows>3</rows>
  <cols>3</cols>
  <dt>d</dt>
  <data>
    6.9200965406908581e+03 0. 320. 0. 6.9200965406908581e+03 240. 0. 0.
    1.</data></Camera_Matrix>
<Distortion_Coefficients type_id="opencv-matrix">
  <rows>5</rows>
  <cols>1</cols>
  <dt>d</dt>
  <data>
    1.5642266484292957e+00 -4.5427646048662336e+03 0. 0.
    -1.0645849758508765e+01</data></Distortion_Coefficients>
<Avg_Reprojection_Error>1.6067617630208253e-01</Avg_Reprojection_Error>
<Per_View_Reprojection_Errors type_id="opencv-matrix">
  <rows>25</rows>
  <cols>1</cols>
  <dt>f</dt>
  <data>
    7.22433478e-02 8.18657801e-02 1.08329982e-01 9.50958580e-02
    8.90922770e-02 1.14627592e-01 1.11634545e-01 1.78105608e-01
    1.58490390e-01 2.30522141e-01 1.92096412e-01 2.42242992e-01
    2.38155633e-01 2.28360415e-01 2.29412690e-01 1.42006889e-01
    1.09608591e-01 9.77241918e-02 1.24534197e-01 1.38418615e-01
    1.61798403e-01 1.84303328e-01 1.78705201e-01 1.51106387e-01
    1.44248292e-01</data></Per_View_Reprojection_Errors>
<!-- a set of 6-tuples (rotation vector + translation vector) for each view -->
<Extrinsic_Parameters type_id="opencv-matrix">
  <rows>25</rows>
  <cols>6</cols>
  <dt>d</dt>
  <data>
    -3.7831702311720734e-02 -6.3868772810860869e-02
    -7.7070693999359252e-01 -1.6371039708101162e+02
    5.3420836587417696e+01 1.2977519067951978e+04
    -5.5309961186504678e-02 -6.4049697406710238e-02
    -7.7063501184767547e-01 -1.5843920334469587e+02
    4.8910420991227795e+01 1.2940174352302414e+04 1.8347221527082792e-03
    -7.9574609469759472e-02 -7.6466929859748856e-01
    -1.3636525013370081e+02 3.7173932110204625e+01
    1.2876824322972876e+04 1.6847303057237726e-02
    -6.6283122523907764e-02 -7.5720924656883215e-01
    -1.3231645681202440e+02 3.7823297668879462e+01
    1.2810561922959459e+04 3.5645699675581513e-03
    -9.1233127295065608e-02 -7.5636532346368246e-01
    -1.2398243084087036e+02 4.1435228363419931e+01
    1.2765764282320828e+04 -1.0035559752878188e-04
    -1.1454577164595980e-01 -7.5684568947048148e-01
    -1.0793174807233473e+02 5.4612745314804393e+01
    1.2760602117756649e+04 -2.4967037904164581e-02
    -6.2648767914499415e-02 -7.5152700373356285e-01
    -9.7545045252798019e+01 6.0691693913373641e+01
    1.2748301281123235e+04 -5.1289834461490658e-02
    -1.0373487849097075e-01 -7.4318391176860421e-01
    -7.8055446129950511e+01 5.7851206284923215e+01
    1.2432993397551380e+04 4.0419034819802760e-02 1.0697081363657376e-01
    -7.2881066895977431e-01 -5.7120134729428258e+01
    5.0890299091506627e+01 1.2330501792878264e+04
    -5.1543982825564494e-02 -5.6972953555460157e-02
    -7.2580292210161090e-01 -3.4668494979278819e+01
    4.2030634403344372e+01 1.2376830317377560e+04
    -1.7819547963779613e-02 -1.1057638415675569e-01
    -7.2745649616049479e-01 -9.3111073610496167e+00
    3.6778993474581483e+01 1.2454086544080355e+04
    -6.8387624974326523e-03 -1.3831987797727463e-01
    -7.2013264891719353e-01 2.5047041436931853e+01
    4.1001517941427785e+01 1.2483695274564450e+04
    -1.4172852813037148e-02 -1.3531741747015005e-01
    -7.0966626796197396e-01 6.6492417418815421e+01
    3.9219748142784596e+01 1.2503108512520887e+04 1.1934288921513800e-01
    -1.0492968626551560e-01 -6.9605212302319774e-01
    7.0800689145066102e+01 3.7885554366491142e+01 1.2597630587961899e+04
    1.6996543216139520e-01 -7.7266995728864390e-02
    -7.0211315975193433e-01 -5.0067858472481435e+00
    3.5394860834577464e+01 1.2648622850362661e+04 1.3283812271585377e-01
    -7.2651139706828571e-02 -7.1158672619416030e-01
    -4.1772242544945669e+01 3.2981490817519429e+01
    1.2761025859461663e+04 1.0473946174585484e-01
    -6.2123880198814894e-02 -7.1801248450624722e-01
    -8.0212390303529332e+01 3.4315527450236097e+01
    1.3059074735514580e+04 8.7317199685244068e-02
    -6.3435629517792511e-02 -7.1789159381164280e-01
    -9.9646213339657834e+01 3.7648259066101630e+01
    1.3079312075402593e+04 7.8825207994994262e-02
    -3.8866057498967599e-02 -7.1446686533889170e-01
    -1.1142148911370452e+02 4.4691799599801897e+01
    1.3082601591401190e+04 1.1562204035167181e-01
    -4.5988786350556018e-02 -7.1357814570219813e-01
    -1.2844968668767822e+02 4.7316504820074663e+01
    1.3104837105526425e+04 1.2810819226042428e-01
    -6.1724389148229038e-02 -7.1012130648170069e-01
    -1.5103762295155732e+02 5.0484793205028289e+01
    1.3146753783913970e+04 -1.3913922542733481e-01
    7.0919581571547902e-02 -7.0960494130684559e-01
    -1.9332907377139188e+02 5.4947975994236174e+01
    1.3286764787430991e+04 -1.1364974355777240e-01
    6.9298148211107288e-02 -7.1405836653867938e-01
    -2.3263435538178740e+02 6.0009117357504138e+01
    1.3433970381628440e+04 -8.4434062039841357e-02
    8.6412127639720518e-02 -7.1290013560981269e-01
    -2.5274594198982132e+02 6.8628013747791897e+01
    1.3561977352144524e+04 -5.6702600673251329e-02
    8.9544137856608474e-02 -7.0870666142315120e-01
    -2.6929402783745763e+02 8.6929874843797052e+01
    1.3738380140162126e+04</data></Extrinsic_Parameters>
